10010020
10011500
10016900
10020100
10020300
10023000
10032000
10038000
10039500
10068500
10092700
1010000
1010070
1010500
10105900
10108400
10109000
10109001
1011000
10113500
10125500
10126000
10128500
10129300
10129500
10129900
10130500
10131000
10132000
10132500
10133600
10133650
10133800
10133980
10134500
1013500
10136500
10137000
10137300
10137500
1014000
10140100
10140700
10141000
10142000
10145400
10146000
10146400
10149000
10149400
10150500
10153100
10154200
10155000
10155200
10155500
10156000
10157500
1015800
10163000
10164500
10166430
10168000
1017000
10170490
10170500
1017060
10171000
10172200
10172630
10172700
10172727
10172800
10172870
1017290
10172952
10173450
10174500
1017550
1017960
1018009
1018035
10183500
1018500
10189000
1019000
10194200
10205030
1021000
1021470
1021480
10215900
10217000
10219000
10224000
1022500
1022840
10234500
10242000
10243260
10243700
10244950
10245100
10245960
10245970
10246835
10246846
10247200
10249300
10251300
10251330
10251335
10254050
10254730
10254970
10255550
10255810
10256500
10256501
10256550
10257499
10257500
10257501
10257548
10257549
10257550
10257720
10258000
10258500
10259000
10259050
10259100
10259200
10259300
10259540
10260200
10260400
10260500
10260950
10261500
10262000
10262500
10263000
10263500
10265150
1027200
10289000
10289500
10290500
10291500
1029200
10293000
10293500
1029500
10295000
10296000
10296500
10296750
10297010
10297500
10300000
10300600
10301500
10301600
10301742
10301745
10301755
10302002
10302025
1030350
1030500
10308200
10308783
103087835
10308784
10308785
103087855
103087865
103087889
10308789
103087891
10308792
10308794
10309000
10310000
10310400
10310407
10310500
10311000
10311100
10311200
10311300
10311400
10312000
10312150
10312275
1031300
1031450
1031500
1031510
10315500
10316500
10317500
10318500
10319900
10320000
10321000
10321590
10321940
10321950
10322000
10322150
10322500
10322510
10322535
10322555
10323000
10323425
10324500
10325000
10327500
10328450
10328475
10328500
10329000
10329500
1033000
10333000
10335000
103366092
10336610
10336645
10336660
10336676
10336698
10336700
10336715
10336730
10336780
10337500
10338000
10338500
10338700
1034000
10340500
10343000
10343500
10344400
10344500
10344505
1034500
10346000
10347310
10347460
10347600
10348000
10348200
10348245
10348460
10348850
10349300
10349700
10349849
10349980
10350000
10350340
10351300
10351400
10351600
10351650
10351700
1037000
1037380
1038000
10396000
1042500
1043500
1044550
1046000
1046500
1047000
1047150
1047200
1048000
1048220
1049265
1049500
1052500
1053500
1053600
1054000
1054114
1054200
1054300
1054500
1055000
1055500
1057000
1059000
1060000
1063310
1064140
1064500
1064801
1066000
1067950
1069500
1069700
1072800
1072870
1073000
1073319
1073500
1073587
1073785
1074520
1075000
1076000
1076500
1077400
1078000
1081000
1081500
1082000
1085000
1085500
1086000
1087000
1089500
1091000
1091500
1092000
1093852
1094000
1094400
1094500
1095220
1095375
1095434
1095503
1096000
1096500
1097000
1097300
1098500
1098530
1099500
1100000
1100505
1100561
1100568
1100600
1100627
1101000
11012500
11014000
1101500
11015000
11016200
1102000
11022200
11022480
11023000
11023340
1102345
11025500
11027000
11028500
1103025
1103280
1103455
1103500
1104000
1104200
11042000
11042400
11042631
11042700
11042800
11042900
11043000
11044000
1104415
11044250
1104430
11044300
11044350
1104455
1104460
1104475
1104480
11044800
1104500
11045300
11045600
11045700
11046000
11046300
11046360
11046530
11047300
11048600
11049500
11049590
1105000
11051499
11051500
11051501
11051502
11052500
1105500
11055500
1105554
11055700
11055800
11055801
1105583
1105585
1105600
1105606
1105608
1105638
1105730
11057500
11058500
11058600
1105870
1105880
11059300
1105933
11060400
11060900
11061000
11062000
11062001
11062399
11062400
11062402
11062450
11062700
11062800
11063510
11063680
11065000
11066460
11069500
11070210
11070270
11070365
11070465
11070500
11072100
11073300
11073360
11073495
11074000
11075720
11075800
11077500
11078000
1108000
1108410
11085000
11087020
11088500
11089500
1109000
1109060
1109070
11092450
1109403
11097000
1109730
11098000
1110000
11101250
11109000
11109600
11109800
11111500
1111212
1111300
11113000
11113500
11114495
1111500
11118500
11119500
11119750
11119940
11120000
11120500
11120520
11121900
11122010
11123000
11123500
11124500
1112500
11128250
11128500
11129800
11132500
11133000
11134000
11135800
11136100
11136500
11136600
11136800
11137900
1113895
1114000
11140000
11140585
11141050
11141280
11143000
11143200
11143250
1114500
11147070
11147500
11148900
11149400
11149900
11150500
1115098
1115110
1115114
11151300
1115170
11151700
1115183
1115187
11151870
1115190
11152000
11152050
11152300
11152500
1115265
11152650
1115276
1115280
11152900
11153650
1115500
1115630
11156500
11157500
11158600
11159000
11159200
11159500
11159690
1116000
11160000
11160500
11161000
11162500
11162540
11162570
11162620
11162630
11162753
11164500
1116500
11169025
1116905
11169500
11169800
1117000
11170000
11172175
11172945
11172955
11173200
1117350
11173500
11173510
11173575
1117370
11174000
1117420
1117430
11174600
1117468
1117500
11176400
11176500
11176900
1117800
11179000
11179100
1118000
11180500
11180700
11180825
11180900
11180960
11181000
11181008
11181040
11182500
1118300
1118500
11189500
1119382
1119500
11200800
11203580
11204100
1120790
1121000
1121330
1122000
11224000
11224500
1122500
1123000
1123360
1123600
1124000
1124151
1125100
11251000
11253310
1125490
1125500
11261100
11261500
11262900
11264500
11266500
1127000
11274000
11274500
11274550
11274630
11274790
1127500
11276500
11276600
11276900
11277300
11278000
11278300
11278400
11284400
11289000
11289500
11289650
11289651
11290000
1129200
11292700
11292900
1129500
11299600
1130000
11300500
11301000
11302000
11303000
11303500
1131500
1133000
11335000
11342000
1134500
11345500
11348500
1135150
1135300
1135500
11355010
11355500
11370500
11370700
11372000
11374000
1137500
11376000
11376550
11377100
11379500
11381500
11383500
1138500
11389500
1139000
11390000
11390500
1139800
11401920
11402000
11408870
11408880
11409350
11409400
11413000
11413517
1141500
11417500
11418000
11418500
11421000
11423800
11424000
1142500
11425500
11427000
1144000
1144500
11446500
11447360
11449500
11451000
11451100
11451300
11451715
11452500
11453000
11453500
11454000
11456000
11458000
11458433
11458500
11459500
11460000
11460400
11460600
11460750
11461500
11462080
11462500
11463000
11463170
11463200
11463500
11463682
11463900
11463980
11464000
11465240
11465350
11465390
11465660
11465680
11465690
11465700
11465750
11466170
11466200
11466320
11466800
11467000
11467200
11467510
11467553
11468000
11468500
11468900
11469000
11473900
11475000
11475500
11475560
11475800
11476500
11476600
11477000
11478500
11480390
11481000
11481200
11481500
11482500
11493500
11501000
11502500
11507200
11507500
11509105
11509200
11509250
11509340
11509500
11510700
1151500
11516530
11517000
11517500
11519500
11520500
11521500
11522500
11523000
11523200
1152500
11525500
11525530
11525655
11525670
11525854
11526250
11526400
11527000
11528700
1153000
11530000
11530500
11532500
1153550
1154500
1154950
1155500
1157000
1158000
1160350
1161000
1162000
1162500
1163200
1166500
1168500
1169000
1169900
1170000
1170100
1170500
1171500
1172010
1172500
1173000
1173500
1174500
1174565
1175500
1175670
1176000
1177000
1179500
1181000
1183500
1184000
1184100
1184490
1185500
1186000
1186500
1187300
1187800
1188000
1188090
1189000
1189995
1191000
1192500
1192883
1193500
1194000
1194500
1195100
1195490
1196500
1196561
1196620
1197000
1197500
1198000
1198125
1199000
1199050
1200000
1200500
12010000
12013500
1201487
12020000
12020525
12020800
12024000
12024400
12025000
1202501
12025700
12026150
12026400
12027500
12031000
12035000
1203510
12035400
1203600
12036000
12037400
1203805
12039005
12039500
1204000
12040500
12041200
12042800
12043000
12043163
12043300
12045500
12048000
12052210
12054000
1205500
12056500
12058790
12059500
12060500
12061500
1206900
12073500
12076800
12079000
12080010
12082500
12083000
1208500
12086500
12087000
12088000
1208873
12089208
1208925
1208950
12089500
1208990
1209005
12090400
12090500
1209105
12091100
12091200
12091290
12091500
12092000
12093500
12094000
1209500
12095000
12096500
12096505
12096865
1209700
12097500
1209761
12097820
12097850
12098920
1209901
12099200
12099600
12100490
12101100
12101470
12101500
12105900
12106700
12108500
12112600
12113000
12113344
12113346
12113347
12113349
12114500
12115000
12115500
12115700
12116100
12116400
12116500
12117000
12117500
12117600
12118400
12119000
12120600
12121600
1212500
12134500
12135000
12137290
12137800
12138160
12141300
12142000
12143400
12143600
12143700
12143900
12144000
12144500
12145500
12147600
12148000
12148300
12148500
12149000
12150800
12155300
12157250
12158010
12158032
12158040
12167000
12172000
12173500
12175500
12178000
12178100
12179000
12179900
12181000
12182500
12186000
12189500
12190400
12193400
12194000
12200500
12201500
12201950
12201960
12202300
12202310
12202400
12202450
12205000
12208000
12209490
12210000
12210700
12210900
12211500
12212050
12212430
12213100
12214500
12301933
12302055
12304500
12305000
12306500
12308000
12321500
12322000
12323250
12323600
12323670
12323700
12323710
12323720
12323750
12323760
12323770
12323800
12323840
12323850
12324200
12324400
12324590
12324680
12325500
12329500
12330000
12331500
12331800
12332000
12334510
12334550
12335100
12335500
12338300
12340000
12340500
12342500
12344000
12350250
12352500
12353000
12354000
12354500
12355500
12358500
12359800
12362500
12363000
12363500
12365700
12366000
12370000
12372000
12377150
12381400
12388700
12389000
12389500
12390700
12391950
12392155
12392300
12395000
12395500
12396500
12398600
12399500
12401500
12404500
12409000
12411000
12413000
12413125
12413130
12413131
12413210
12413355
12413470
12413500
12413860
12413875
12414500
12414900
12415135
12419000
12422000
12422500
12422990
12424000
12426000
12431000
12431500
12433000
12433200
12434590
12435500
12436500
12438000
12439500
12442500
12445000
12445900
12446995
12447200
12447383
12447390
12448000
12448500
12448998
12449500
12449950
12450700
12451000
12452500
12452800
12452890
12452990
12453700
12456500
12457000
12458000
12459000
12462500
12462600
12464800
12465000
12465400
12467000
12472600
12472800
12484500
12488500
12500450
12502500
12505450
12506000
12508990
12510500
13010065
13011000
13011500
13011900
13013650
13014500
13015000
13016305
13016450
13018300
13018350
13018750
13019500
1302020
13022500
13023000
13025500
13027500
1303000
13032500
1303500
13037500
13038000
13038500
13039500
13042500
1304500
13046000
13046995
13047500
13047600
13049500
1305000
13050500
13052200
1305500
13055000
13055250
13055340
13056500
13057000
13057132
13057155
13057300
13057940
13058000
13058510
13058520
13058529
13058530
13060000
13062500
13063000
1306460
1306500
13066000
13068300
13068495
13068500
13068501
13069500
13073000
13075000
13075500
13075910
13075983
13077000
13078000
13081500
13082500
1308500
13087505
13087995
13088000
13089500
13090500
13092747
13094000
1309500
1309950
1309990
1310000
1310500
13105000
13108150
13112000
1311500
13116500
13118700
13119000
1312000
13120000
13120500
13122000
13127000
13128900
13131000
13132500
13135500
13135520
13137500
13138000
13139510
13140800
13141500
13142500
13147900
13148500
1315000
13150430
13152500
13154500
1315500
13159800
13161500
13162225
13168500
13171620
13172500
13174500
13175100
13176400
13181000
13183000
1318500
13185000
13186000
13190500
13200000
13206000
13206305
13206400
1321000
13212890
13213000
13213072
13213100
13233300
13235000
13236500
13237920
13239000
13245000
13246000
13247500
13249500
1325000
13250000
13251000
13258500
13265500
13266000
13269000
1327500
1327750
1329490
13295000
13296000
13296500
13297330
13297350
13297355
1330000
13302005
13302500
13305000
13305310
13306370
13306385
13307000
13309220
13310199
13310700
13310800
13310850
1331095
13311000
13311250
13311450
13313000
1331500
13316500
13317000
13317660
1332500
13325000
1333000
13331500
13333000
13334300
13335050
13336500
13337000
13338500
13339500
1334000
13340000
13340600
13341050
13341570
13342450
13342500
13344500
1334500
13345000
13346800
13348000
13351000
1335754
1336000
1342730
1343060
1346000
1347000
1348000
1349000
1349150
1349700
1349705
1349711
1349810
1349950
1350000
1350035
1350080
1350120
1350140
1350180
1350355
1350500
1351500
1357499
1357500
1358000
1359528
1360640
1361000
1362200
1362342
1362370
1362497
1362500
1363382
1364500
1365000
1365500
1367500
1371500
1372500
1374505
1374531
1374559
1374581
1374598
1374701
1374781
1374821
1374890
1374901
1374930
1374941
1375000
1376800
1377000
1377370
1377500
1378500
1379000
1379500
1379530
1379773
1379780
1380450
1381000
1381400
1381500
1381800
1381900
1382210
1382500
1383500
1384500
1386000
1387000
1387400
1387420
1387450
1387500
1388000
1388500
1389500
1389550
1389890
1390450
1390500
1391000
1391500
1392500
1393450
1394500
1395000
1396500
1396582
1396660
1396800
1397000
1398000
1398500
1399100
1399500
1399670
1400000
1400500
1401000
14013000
14013500
14013700
14015000
1401650
14018500
1402000
14020000
14020300
14020850
1402630
1403060
1403150
14033500
1403400
14034470
14034500
14034608
1403540
14036860
14038530
1403900
14043840
14044000
14046000
14046500
14046778
14048000
1405030
1405400
1406050
1407290
1407500
14076500
1407705
1407760
1408000
1408029
1408120
1408500
14087380
14087400
1408900
14091500
14092500
14092750
1409280
14093000
1409400
14096850
14097100
1409810
1410000
1410150
14101500
14103000
14105700
14107000
1411000
14111400
1411300
14113000
14113200
1411500
1412000
14120000
14123500
1412800
1413088
1413398
1413408
1413500
14137000
14138720
14138800
14138850
14138870
14138900
14139800
1414000
14140000
14141500
14142500
14142800
14144700
1414500
14145500
14148000
1415000
14150000
14150800
14151000
14152000
14152500
14153500
14154500
14155500
14157500
14158500
14158790
14158850
14159100
14159200
14159500
14161500
14162200
14162500
14163000
14163150
14163900
14164700
14164900
14165000
14165500
14166000
14166500
14169000
1417000
14170000
14171000
14171600
14173500
14174000
1417500
14178000
14179000
14180300
14181500
14182500
14183000
14184100
14185000
14185900
14187000
14187200
14187500
14187600
14188610
14188800
14189000
14190500
14191000
14194150
1419500
14197900
14198400
14198500
14199704
14200000
14201340
14201500
14202000
14203500
1420500
14206900
14206950
14207500
14208000
14208300
14208700
14209000
14209500
1421000
14210000
14211010
14211315
14211400
14211499
14211500
14211550
14211720
14211814
14211820
14216000
1421610
1421618
14216500
1421900
14219000
14219800
14220500
14222500
1422500
14226500
1422747
1423000
14231000
14231900
14233500
14236200
14238000
14240525
14242580
14243000
14246900
1425000
1426500
1427207
1427500
1427510
1428000
1428500
1428750
1429000
1429500
14299800
1430000
14301000
14301500
14302480
14302900
14303200
14303600
14305500
14306340
14306500
14307620
14308000
14308500
14308990
14309000
14309500
14310000
14312000
14312900
14313200
14313600
14313700
14314500
14314600
14314700
1431500
14315500
14315700
14315900
14315950
14316455
14316495
14316500
14316700
14317600
14319500
14320934
14321000
1432110
14325000
14327000
14327150
1432900
14330000
14332000
1433500
14337500
14337600
14338000
14339000
1434000
1434017
1434021
1434025
1434498
1435000
14353000
14353500
14354200
14357500
14359000
1436000
14361500
14362000
14362250
14366000
1436690
14369500
14372300
1437500
14375100
14377100
14378200
1438500
1439500
1439590
1440000
14400000
1440400
1440485
1442500
1443280
1443500
1443900
1445000
1445500
1446000
1446500
1446775
1446776
1447500
1447680
1447720
1447800
1449000
1449360
1449800
1450500
1451000
1451500
1451650
1451800
1452000
1452500
1453000
1454700
1455500
1457000
1457500
1459500
1460440
1463500
1463620
1463740
1464000
1464500
1464645
1464720
1464750
1464907
1464984
1465500
1465798
1465850
1466500
1466900
1467000
1467042
1467048
1467081
1467086
1467087
1467150
1468500
1469500
1470500
1470755
1470779
1470960
1471000
1471510
1471875
1472000
1472157
1472198
1472199
1472620
1472810
1473000
1473169
1473500
1473900
1474000
1474500
1475510
1475530
1475548
1475850
1476480
1477000
1477120
1477800
1478000
1478120
1478137
1478245
1478650
1479000
1479820
1480000
1480015
1480300
1480400
1480500
1480617
1480675
1480685
1480700
1480870
1481000
1481500
1482500
1483155
1483200
1483700
1484100
1484525
1484695
1485000
1485500
1486000
1487000
1488500
1490000
1491000
1491500
1492500
1493000
1493112
1493500
1494850
1495000
1500000
1500500
15008000
15015595
15024800
1502500
1502632
1503000
15041200
1505000
15052000
15052500
15055500
15056210
15056500
15056560
1505810
1507000
15072000
15081497
15087700
15088000
1509000
1510000
15101490
1512500
15129120
15129500
1513831
1514000
1515000
1516350
1516500
1518000
1518700
1518862
1520000
15200280
1520500
15209700
15214000
1521500
15219000
1523500
15236900
15237730
15238500
15238648
15238986
15238990
15239001
15239050
15239060
15239070
15243900
1524500
1525500
15258000
1525981
15261000
1526500
15266110
15266300
15266500
15271000
15274600
1527500
15275100
15276000
15281000
15283700
15284000
15290000
15292000
15292700
15294005
1529500
15295700
15297610
1529950
15300300
15300500
15302000
1530332
15304000
15304010
1531000
1531250
1531325
1531500
1531908
1532000
15320100
1533400
1534000
1534300
1534500
15348000
1534860
15356000
1536000
1536500
1538000
1539000
1540500
1541000
1541200
1541303
1541500
1542500
1542810
1543000
1543500
1543693
1544000
1544500
1545000
15453500
1545500
1545600
15457790
1546400
1546500
1547100
1547200
1547500
1547700
15477740
15478040
1547950
1548005
15484000
1548500
15485500
15493000
15493700
1549500
1549700
1550000
15511000
15514000
1551500
15515060
15515500
15519100
1552000
1552500
1553500
1553700
1554000
1555000
1555500
1556000
15564879
15564900
15565447
1557500
1558000
1559000
1560000
1562000
15621000
1563200
1563500
1564500
1565000
1566000
1567000
1567500
1568000
1570000
1570500
1571005
1571184
1571500
1572025
1572190
1573000
1573560
1573825
1573849
1574000
15743850
15744500
1574500
15747000
1575500
1576000
1576500
1576754
1576767
1576787
1577500
1578310
1578475
1580000
1580520
1580700
1581500
1581649
1581700
1581752
1581810
1581830
1581870
1581920
1581960
1582000
1582500
1583100
1583500
1583570
1583580
1583600
1584050
1584500
1585090
1585100
1585104
1585200
1585500
1586000
1586210
1586610
15875000
1589000
1589025
1589035
1589100
1589197
1589290
1589300
1589312
1589316
1589317
1589330
1589352
1589440
1589500
15896000
1589795
15905100
15908000
1591000
1591400
1591610
1591700
1592500
1593500
1594000
1594440
1594526
1595000
1595300
1595500
1595800
1596500
1597500
15980000
1598500
1599000
1601000
16010000
1601500
16016000
16019000
1603000
16031000
1604500
16049000
1605500
1606000
16060000
1606500
16068000
16071500
1607500
1608000
1608500
1609000
16097500
1610000
1610155
16103000
1610400
16108000
1611500
1613000
1613050
1613095
1613525
1613900
1614000
1614500
1615000
1616100
1616425
1616500
1617000
1617800
1618000
1618100
1619000
1619500
16200000
1620500
16208000
1621050
16211600
16211800
16212601
16213000
1622000
16226200
16226400
16227500
16229000
16238000
16238500
16240500
16241600
16244000
16247100
16249000
1625000
16254000
1626000
1626850
1627500
16275000
16283200
16284200
1628500
16294100
16294900
1629500
16296500
16301050
16304200
1631000
1632000
1632082
16325000
1632900
1633000
16330000
1634000
1634500
16345000
1635500
1636316
1636464
1636500
1636690
1637500
1638350
1638420
1638480
1638500
1639000
1639500
16400000
16414200
16415000
16415600
1642190
1643000
1643395
1643500
1643590
1643700
1643805
1643880
1644000
1644280
1644371
1644372
1644375
1644380
1644390
1645000
1645704
1645762
1646000
1646305
1646500
1646502
1647850
1648000
1648010
1649150
1649190
1649500
16501200
1650500
1650800
16508000
1651800
16518000
1652500
16527000
1653000
1653600
16536000
1654000
1654500
16552800
1656000
1656903
16570000
1658000
1658500
16587000
1660400
16604500
1660920
1661050
16614000
1661500
16618000
16620000
1662800
1663500
16638500
1664000
16641000
16647000
1665500
1666500
1667500
1668000
1669000
1669520
16701800
1670400
16704000
1671020
1671100
16717000
16720000
1672500
16725000
1673000
1673550
1673800
1674000
1674500
16757000
16759600
16770500
2011400
2011460
2011470
2011490
2011500
2011800
2013000
2013100
2014000
2015700
2016000
2016500
2017500
2018000
2018500
2019500
2020500
2021500
2022500
2024000
2024752
2024915
2025500
2025652
2026000
2027000
2027500
2028500
2029000
2030000
2030500
2031000
2032250
2032515
2032640
2034000
2035000
2036500
2037000
2037500
2038850
2039000
2039500
2040000
2040892
2041000
2041650
2042500
2044500
2045500
2046000
2047000
2047500
2049500
2051000
2051500
2052000
2053200
2053500
2053800
2054500
2054530
2055000
2055100
2056000
2056650
2056900
2058400
2059500
2060500
2061500
2062500
2064000
2065500
2066000
2068500
2069000
2069700
2070000
2070500
2071000
2071530
2072000
2072500
2073000
2074000
2074500
2075045
2075500
2076000
2077000
2077200
2077303
2077670
2079640
2080500
2081500
2081747
2081942
2082585
2082950
2083000
2083500
2084000
2084557
2085000
2085070
2085500
2086500
2086624
2086849
2087183
2087275
2087324
2087359
2087500
2087580
2088000
2088383
2088500
2089000
2089500
2090380
2091000
2091500
2091814
2092500
2093000
2093800
2093877
2094500
2094659
2094770
2094775
2095000
2095181
2095271
2095500
2096500
2096846
2096960
2097280
2097314
2097464
2097517
2099000
2100500
2101726
2101800
2102000
2102192
2102500
2102908
2103000
2104220
2105500
2105769
2106500
2108000
2109500
2110500
2110701
2110704
2111000
2111180
2111500
2112000
2112250
2113850
2114450
2115360
2116500
2118000
2118500
2120780
2121500
2123500
2124080
2124269
2126000
2128000
2129000
2130561
2130840
2130900
2130910
2130980
2131000
2131010
2131472
2131500
2132000
2132320
2133500
2133624
2134170
2134480
2134500
2135000
2136000
2136361
2137727
2138500
2140991
2142000
2142654
2142900
2142914
2143000
2143040
2143500
2144000
2145000
2146000
2146110
2146211
2146285
2146300
2146315
2146348
2146381
2146409
2146470
2146507
2146530
2146562
2146600
2146670
2146700
2146750
2146800
2147020
2147403
2147500
2148000
2149000
2150495
2151500
2152100
2152474
2153200
2153551
2153590
2153700
2154500
2154790
2155500
2156500
2156999
2157000
2157470
2157490
2157510
2158408
2160105
2160325
2160326
2160381
2160390
2160700
2161000
2162093
2162290
2162350
2162500
2163001
2163500
2164000
2164110
2165200
2166501
2167000
2167450
2167582
2168504
2169000
2169500
2169570
2171500
2171645
2172002
2172300
2173000
2173030
2173051
2173212
2173500
2174000
2175000
2175500
2176500
2176930
2177000
2178400
2181580
2186000
2186645
2187910
2188600
2191300
2192000
2192500
2193340
2193500
2195320
2196000
2196485
2196835
2197000
2197020
2197500
2197598
2197830
2198000
2198100
2198500
2198690
2200120
2201000
2201230
2202040
2202190
2202500
2202600
2202680
2203000
2203518
2203655
2203863
2203900
2204037
2204070
2204130
2204285
2204520
2205522
2205865
2206500
2207120
2207185
2207220
2207335
2207385
2207400
2207418
2207435
2207448
2208000
2208130
2208150
2208450
2208493
2209000
2209360
2210500
2211375
2211800
2212600
2212735
2213000
2213500
2214075
2214590
2215000
2215100
2215260
2215500
2215900
2216180
2217274
2217297
2217475
2217500
2217615
2217770
2218300
2218565
2219000
2220900
2221525
2223000
2223056
2223110
2223190
2223248
2223360
2223500
2224500
2224940
2225000
2225270
2225500
2226000
2226362
2226500
2227270
2227500
2228000
2228500
2231000
2231342
2231396
2231600
2232000
2232155
2232200
2232400
2232415
2232500
2233475
2233484
2233500
2234000
2234308
2234324
2234344
2234384
2234400
2234435
2234500
2234990
2235000
2235200
2236000
2236125
2236350
2236500
2236605
2236900
2237293
2237700
2237734
2238000
2238500
2239000
2239501
2240000
2240500
2243000
2243960
2244040
2244333
2244440
2245260
2245500
2246000
2246318
2246459
2246500
2246515
2247222
2247510
2248000
2248380
2249007
2249500
2250030
2251000
2251500
2251767
2252500
2253000
2253500
2255600
2256500
2257000
2262900
2263800
2263869
2264000
2264003
2264051
2264060
2264100
2264495
2266025
2266200
2266205
2266291
2266295
2266300
2266480
2266496
2266500
2268390
2269520
2270000
2270500
2271500
2272650
2272676
2273230
2273630
2274005
2274010
2274325
2274490
2274505
2275197
2276877
2277600
2280500
2281200
2283500
2286400
2287497
2288800
2288900
2289019
2289035
2289041
2289060
2290765
2290766
2290767
2290768
2290769
2290878
2290888
2290918
2291500
2291524
2291580
2291597
2291669
2291673
2291710
2292010
2292780
2292900
2293055
2293090
2293230
2293262
2293987
2294161
2294217
2294290
2294330
2294405
2294491
2294650
2294655
2294747
2294760
2294775
2294781
2294898
2295013
2295420
2295637
2296260
2296389
2296500
2296750
2297100
2297155
2297310
2297600
2297635
2298110
2298123
2298170
2298202
2298488
2298492
2298495
2298527
2298530
2298554
2298608
2298760
2298830
2298880
2299410
2299450
2299482
2299861
2299950
2300017
2300018
2300033
2300042
2300075
2300100
2300210
2300300
2300500
2300700
2300882
2301000
2301150
2301300
2301500
2301738
2301740
2301745
2301750
2301793
2301900
2301990
2302010
2302500
2303000
2303205
2303330
2303348
2303350
2303400
2303420
2303800
2304000
2304500
2304510
2305851
2306500
2306647
2306774
2306950
2307000
2307200
2307323
2307359
2307445
2307498
2307668
2307674
2307780
2309415
2309421
2309425
2309848
2310000
2310280
2310286
2310300
2310525
2310675
2310947
2311000
2311500
2312000
2312180
2312200
2312300
2312500
2312558
2312598
2312600
2312640
2312645
2312667
2312675
2312700
2312720
2312722
2312762
2313000
2313100
2313230
2313250
2314500
2315500
2315550
2315920
2316000
2317500
2317620
2317797
2318000
2318380
2318500
2319000
2319394
2319500
2319800
2320000
2320500
2320700
2321000
2321500
2321898
2321975
2322500
2322800
2323000
2323500
2323592
2324000
2324400
2325000
2325543
2326000
2326500
2326526
2326550
2326900
2327022
2327033
2327100
2327355
2327500
2328522
2329000
2329342
2329500
2329600
2330000
2330100
2330150
2330400
2330450
2331000
2331600
2333500
2334430
2334480
2334578
2334620
2334885
2335000
2335350
2335450
2335700
2335757
2335790
2335815
2335870
2335910
2336000
2336030
2336120
2336152
2336240
2336300
2336313
2336340
2336360
2336410
2336490
2336517
2336526
2336635
2336728
2336870
2336910
2336968
2336986
2337000
2337040
2337170
2337410
2337498
2337500
2338000
2338500
2338523
2338660
2338840
2339495
2339500
2341800
2342500
2342850
2342881
2343225
2343801
2343940
2344350
2344396
2344478
2344500
2344605
2344620
2344630
2344700
2344872
2346180
2346310
2347500
2349605
2349900
2350512
2350600
2350900
2351500
2351890
2352500
2353000
2353265
2353400
2353500
2354350
2354475
2354500
2354800
2355662
2356000
2357000
2358000
2358700
2358789
2359000
2359170
2359500
2361000
2361500
2363000
2364500
2365200
2365470
2365500
2365769
2366000
2366500
2366996
2367310
2367900
2368000
2368500
2369000
2369600
2369800
2370000
2370500
2371500
2372250
2372422
2372430
2373000
2374250
2374500
2374700
2374745
2374950
2375000
2375500
2376033
2376100
2376115
2376293
2376500
2377570
2378170
2378300
2378500
2379500
2380500
2381090
2381600
2382200
2382500
2383500
2384500
2384540
2385170
2385500
2385800
2387000
2387500
2387600
2388320
2388350
2388500
2388975
2389150
2390000
2390140
2391540
2391840
2391860
2392000
2392360
2392780
2392950
2392975
2393377
2393419
2394000
2394670
2395000
2395120
2395980
2397000
2397500
2398000
2398300
2399200
2400100
2400680
2401000
2401390
2403310
2404400
2405500
2406500
2406930
2407000
2407514
2408540
2411930
2412000
2413000
2413210
2413300
2414500
2414715
2415000
2418230
2418760
2419000
2419890
2420000
2421000
2422500
2423130
2423380
2423397
2423400
2423414
2423425
2423496
2423500
2423555
2423586
2423630
2423800
2424000
2425000
2427250
2428400
2429000
2430085
2430680
2430880
2431000
2432500
2433500
2435020
2436500
2437100
2438000
2439400
2441390
2442500
2443500
2444160
2446500
2447025
2448000
2448500
2448900
2449882
2450000
2450180
2450250
2450825
2453000
2453500
2454000
2455000
2455185
2455980
2456000
2456500
2457595
2458190
2458450
2458502
2458600
2460500
2461500
2462000
2464000
2465000
2465292
2465493
2466030
2466500
2467000
2467500
2469500
2469761
2469800
2470072
2471001
2471078
2472000
2472500
2472850
2473000
2474560
2475000
2475500
2476500
2476600
2477000
2477500
2478500
2479000
2479130
2479155
2479300
2479310
2479500
2479945
2479980
2480002
2481000
2481510
2482000
2482550
2483000
2483500
2484000
2484500
2486000
2487500
2488000
2488500
2489000
2489500
2490500
2492000
2492343
2492360
3007800
3010500
3010655
3010820
3011020
3011800
3012550
3014500
3015000
3015310
3015500
3016000
3017500
3020000
3020500
3021350
3021520
3022540
3022554
3023100
3024000
3025500
3026500
3027500
3028000
3028500
3029500
3030500
3031500
3032500
3034000
3034500
3036000
3036500
3038000
3039000
3040000
3041029
3041500
3042000
3042280
3042500
3044000
3044810
3045000
3047000
3048500
3049500
3049800
3050000
3051000
3052000
3052120
3052500
3053500
3054500
3056000
3056250
3057000
3058000
3058500
3058975
3061000
3061500
3062500
3065000
3066000
3067510
3068800
3069500
3070260
3070500
3072000
3072655
3073000
3074500
3075500
3075905
3076100
3076500
3076600
3077500
3078000
3079000
3080000
3081000
3081500
3082500
3083500
3085000
3085500
3086000
3090500
3091500
3092090
3092460
3093000
3094000
3095500
3098600
3098700
3099500
3101500
3102500
3102850
3103500
3105500
3106000
3106300
3106500
3107500
3108000
3109500
3110000
3110830
3111500
3111548
3112000
3113990
3114500
3115400
3115644
3115712
3115786
3116000
3116077
3117000
3117500
3118000
3118500
3120500
3121500
3124500
3126000
3127000
3128500
3129000
3136500
3139000
3140000
3140500
3141500
3141870
3142000
3144000
3144500
3144816
3145000
3145173
3145483
3145534
3146000
3146402
3146500
3149500
3150000
3151400
3151600
3152000
3154000
3155000
3155220
3156400
3157000
3157500
3159500
3159540
3161000
3164000
3165000
3165500
3167000
3168000
3170000
3171000
3173000
3175500
3176500
3177120
3177710
3179000
3180500
3182500
3182700
3183500
3184000
3185000
3185400
3186500
3187500
3188900
3189100
3190000
3191500
3192000
3193000
3194700
3197000
3197790
3198000
3198350
3198500
3199000
3200500
3201000
3201405
3202000
3202400
3202750
3203600
3204500
3205470
3206600
3207800
3207965
3208500
3208950
3209000
3209500
3209800
3210000
3212500
3212750
3212980
3213000
3213500
3213700
3214500
3215000
3215410
3216500
3216600
3217000
3217500
3219500
3220000
3221000
3223425
3225500
3226800
3227500
3228300
3228500
3228750
3228805
3229000
3229500
3229610
3229796
3230310
3230450
3230500
3230700
3230800
3231500
3232000
3232300
3232500
3234000
3234300
3234500
3237020
3237280
3237500
3238140
3238745
3238772
3240000
3241500
3244936
3245500
3246500
3247500
3248300
3249500
3249505
3250100
3250190
3250322
3250500
3251200
3251500
3252300
3252500
3253000
3253500
3254520
3254550
3259000
3260015
3260050
3260100
3260706
3261500
3261950
3262000
3262001
3262500
3262700
3263000
3264000
3265000
3266000
3266560
3267000
3267900
3269500
3270000
3270500
3271000
3271300
3271500
3272000
3272100
3272700
3274000
3274650
3275000
3275500
3275600
3276500
3277075
3277130
3277200
3277300
3277500
3280000
3280700
3281000
3281100
3281500
3282000
3282040
3282060
3282120
3282290
3282500
3283500
3284000
3284230
3284500
3284525
3284533
3284552
3285000
3286500
3287000
3287250
3287500
3287590
3287600
3288100
3288110
3288180
3288190
3289000
3289193
3289200
3289300
3289500
3290500
3291000
3291500
3291780
3292470
3292474
3292475
3292480
3292500
3293000
3293510
3294000
3294500
3294550
3294570
3295400
3295890
3297800
3297900
3298000
3298135
3298150
3298200
3298250
3298300
3298500
3298550
3300400
3301000
3301500
3301900
3301940
3302000
3302030
3302050
3302220
3302680
3302800
3303000
3303280
3303300
3305000
3307000
3308500
3310000
3310300
3310400
3313700
3314000
3314500
3316500
3318800
3319600
3320000
3320500
3321350
3322011
3322900
3323000
3324000
3324200
3324300
3325000
3326500
3327500
3328000
3328500
3329000
3329700
3330241
3330500
3331500
3331753
3332555
3332605
3333050
3333450
3333700
3334000
3334500
3335000
3335500
3336000
3336645
3336900
3337000
3337100
3337570
3339000
3339500
3340500
3340800
3341300
3341500
3342000
3342500
3343010
3343400
3345500
3346000
3346500
3347000
3348000
3348130
3348350
3349000
3349210
3349510
3350500
3350655
3350660
3350700
3351000
3351072
3351201
3351310
3351500
3352500
3352875
3352953
3352988
3353000
3353120
3353200
3353451
3353460
3353500
3353600
3353611
3353620
3353700
3353800
3353910
3354000
3357000
3357330
3357350
3358000
3360000
3360500
3361500
3361650
3361850
3362000
3362500
3363000
3363500
3363900
3364000
3364042
3364200
3364500
3364650
3365500
3366500
3368000
3369500
3371500
3371600
3371650
3373500
3373508
3373560
3373610
3374000
3374100
3375500
3376300
3376500
3377500
3378000
3378550
3378635
3379500
3380500
3381500
3381700
3382100
3383000
3384100
3384450
3399800
3400500
3400800
3401000
3403910
3404000
3404500
3404900
3406500
3407500
3408500
3409500
3410210
3413200
3415000
3416000
3418000
3421000
3423000
3424730
3424860
3426470
3427500
3428200
3431060
3431300
3431500
3431599
3431700
3431800
3432350
3432400
3433500
3434500
3436100
3436690
3437480
3437495
3439000
3441000
3443000
3446000
3447687
3450000
3451000
3451500
3453000
3453500
3454500
3455000
3455500
3456100
3456500
3456991
3459500
3460000
3460795
3461500
3463300
3466208
3466500
3467609
3470000
3471500
3473000
3474000
3475000
3478400
3479000
3485500
3486000
3488000
3490000
3491000
3491544
3497300
3498500
3498850
3500000
3503000
3504000
3505550
3508050
3510577
3512000
3513000
3518500
3524000
3527000
3527220
3528000
3529500
3531500
3532000
3535000
3535200
3535400
3538970
3539600
3539778
3539800
3540500
3543500
3544970
3550000
3550500
3558000
3559500
3565500
3566420
3567340
3567500
3568933
3571000
3572110
3572690
3572900
3574500
3575100
3576148
3576250
3576500
3577225
3578000
3578500
3582000
3584045
3584600
3586500
3588500
3590000
3592000
3593800
3596000
3597590
3597860
3598000
3599240
3599419
3599500
3601990
3602500
3603000
3604000
3604400
3605078
3606500
3610200
3611260
3612000
4010500
4010510
4015330
4015438
4021520
4024000
4024430
4025500
4026561
4027000
4027500
4031000
4033000
4036000
4037500
4040000
4040500
4041500
4043050
4043150
4043238
4043244
4044724
4045500
4046000
4056500
4057510
4057800
4057813
4057814
4058100
4058200
4059000
4059500
4060500
4060993
4062000
4062011
4062500
4063000
4063700
4064500
4065106
4065650
4065722
4066003
4066030
4066500
4066800
4067500
4067958
4069416
4069500
4071000
4071765
4072150
4073365
4073462
4073466
4073468
4073473
4073500
4074950
4077630
4078500
4079000
4080798
4082400
4084445
4084911
4085068
4085200
4085427
4086000
4086500
4086600
4087000
4087030
4087050
4087070
4087088
4087119
4087120
4087142
4087159
4087170
4087204
4087214
4087220
4087233
4087240
4087257
4092677
4092750
4093000
4094000
4094400
4095090
4095300
4095380
4096015
4096405
4096515
4097500
4097540
4099000
4099510
4099750
4100500
4101000
4101370
4101500
4101800
4102500
4102700
4103500
4104945
4105000
4105500
4105700
4106000
4106320
4106400
4106500
4107850
4108600
4108660
4108800
4109000
4111000
4111379
4112000
4112500
4112850
4113000
4114000
4114498
4115000
4115265
4116000
4117500
4118500
4119000
4121300
4121500
4121944
4121970
4122100
4122200
4122500
4124000
4124200
4124500
4125460
4125550
4126740
4126970
4127800
4127885
4127917
4127997
4128990
4133501
4135700
4136000
4136500
4136900
4137005
4137500
4142000
4144500
4145000
4146000
4146063
4147500
4148140
4148500
4149000
4150500
4151500
4152238
4152500
4153500
4154000
4155500
4156000
4159130
4159492
4159900
4160600
4161000
4161820
4163400
4164000
4164100
4164300
4164500
4164800
4165710
4166300
4166500
4167000
4168400
4168580
4172000
4173500
4174500
4174518
4175600
4176000
4176400
4176500
4177000
4177720
4178000
4180000
4180500
4180988
4181500
4182000
4182769
4182808
4182900
4182950
4183000
4183500
4184500
4185000
4185440
4186500
4187100
4188337
4188400
4188433
4188496
4189000
4189131
4189174
4189260
4190000
4191500
4192500
4193500
4195500
4195820
4196000
4196500
4196800
4197100
4197137
4197170
4198000
4199000
4199155
4199500
4200500
4201500
4202000
4203900
4206000
4206425
4207200
4208000
4208460
4208502
4208700
4209000
4212100
4213000
4213075
4213152
4213500
4214500
4215000
4215500
4216000
4216418
4217000
4218000
4218518
4219000
4219768
4220045
4221000
4223000
4224775
4226000
4227000
4227500
4227995
4229500
4230380
4230500
4231600
4232050
4232200
4232482
4232730
4233300
4234000
4235000
4235250
4235299
4235440
4235600
4239000
4240010
4243500
4244000
4245840
4247000
4247055
4249000
4250200
4250750
4252500
4256000
4258000
4260500
4262000
4262500
4263000
4264331
4265432
4266500
4267500
4268000
4268800
4269000
4270200
4271500
4271815
4273500
4273700
4273800
4275500
4276500
4280000
4280450
4282000
4282500
4282525
4282650
4282780
4282795
4285500
4286000
4287000
4288000
4288225
4288230
4289000
4290500
4292000
4292500
4292750
4292810
4293000
4293500
4294000
4294140
4294300
4296000
4296280
4296500
50010500
50011000
50011085
50011128
50011200
50014800
50021700
50024950
50025155
50026025
50027000
50027600
50028000
50028400
50034000
50035000
50039500
50043000
50043197
50043800
50044810
50045010
50046000
50047535
50047850
50049100
50049310
50050900
50051310
50051800
50053025
50055000
50055225
50055380
50055750
50056400
50057000
50058350
50059050
50059210
50061800
50063800
50064200
50065500
50067000
50070900
50071000
50075000
50081000
50083500
50090500
50092000
50093000
50093053
50093075
50093078
50093090
50093120
50095000
50100200
50100450
50106100
50110900
50111500
50112500
50113800
50114000
50114900
50124200
50126150
50128905
50128920
50128925
50128933
50128940
50128945
50128948
50136400
50138000
50144000
5014500
50147800
5017500
5018500
5030500
5046000
5046475
5049000
5050000
5051300
5051500
5051522
5051600
5052000
5052500
5053000
5054000
5054500
5055300
5055400
5056000
5056060
5056100
5056200
5056215
5056239
5056340
5056678
5057000
5057200
5058000
5058500
5058700
5059000
5059300
5059310
5059480
5059500
5059700
5060000
5060100
5060500
5061000
5061500
5062000
5062500
5063398
5064000
5064500
5065500
5066500
5067500
5069000
5070000
5074500
5075000
5076000
5078000
5078230
5078500
5079000
5080000
5082500
5082625
5084000
5085000
5085450
5087500
5090000
5092000
5094000
5099400
5099600
5100000
5104500
5106000
5107500
5112000
5113600
5114000
5116000
5116150
5116500
5117500
5120000
5120500
5122000
5123400
5124000
5124480
5125000
5126210
5127000
5127500
5129115
5129290
5129515
5131500
5132000
5133500
5134200
5200510
5211000
5212700
5227500
5242300
5243725
5244000
5245100
5247500
5267000
5270500
5270700
5275000
5280000
5283500
5286000
5287890
5288487
5288490
5288500
5288580
5288705
5289800
5290000
5291000
5292000
5293000
5294000
5300000
5301000
5304500
5311000
5313500
5315000
5316500
5316580
5316770
5317000
5317200
5319500
5320000
5320500
5325000
5327000
5330000
5331000
5331580
5331833
5333500
5336700
5338500
5340500
5341550
5342000
5344490
5344500
5345000
5353800
5355200
5355250
5356000
5356500
5357335
5359500
5360500
5362000
5365500
5367500
5368000
5369000
5369500
5370000
5372995
5378500
5379400
5379500
5381000
5382000
5382255
5382257
5382267
5382284
5382325
5383075
5383950
5385000
5385500
5387440
5387500
5388250
5389000
5389400
5391000
5393500
5394500
5395000
5396000
5397500
5398000
5399500
5400760
5401050
5402000
5403000
5403500
5404000
5405000
5406457
5406469
5406500
5407000
5408000
5410490
5411600
5411850
5412020
5412400
5412500
5413500
5414000
5414820
5416900
5418400
5418500
5419000
5420460
5420500
5420680
5421000
5421740
5422000
5422600
5423500
5424057
5425500
5425912
5426000
5426067
5426250
5427085
5427530
5427718
5427850
5427880
5427930
5427943
5427948
5428500
5429500
5429510
5429700
5430150
5430175
5430500
5431016
5431486
5432500
5433000
5434500
5435500
5435943
5435950
5436500
5437050
5437500
5438283
5438500
5439000
5439500
5440000
5440700
5442300
5443500
5444000
5446500
5447500
5448000
5449500
5451210
5451500
5451700
5451770
5451900
5452000
5452200
5452500
5453000
5453100
5453520
5454000
5454090
5454220
5454300
5454500
5455100
5455500
5455700
5457000
5457700
5458000
5458300
5458500
5458900
5459500
5462000
5463000
5463500
5464000
5464220
5464315
5464420
5464500
5465000
5465500
5465700
5466000
5466500
5467000
5469000
5470000
5470500
5471000
5471050
5471200
5471500
5472500
5473400
5473450
5474000
5474500
5476000
5476590
5476750
5478265
5479000
5480500
5480820
5481000
5481300
5481650
5481950
5482000
5482300
5482500
5483450
5483600
5484000
5484500
5484650
5484800
5484900
5485500
5485605
5485640
5486000
5486490
5487470
5487520
5487980
5488110
5488200
5488500
5489000
5489500
5490500
5490600
5495000
5495500
5496000
5497150
5498150
5498700
5500000
5501000
5502000
5502300
5502500
5503800
5504800
5506100
5506350
5506800
5507600
5507800
5508000
5508805
5512500
5514500
5514840
5514860
5515500
5516500
5517000
5517500
5517530
5518000
5520500
5522500
5524500
5525000
5525500
5526000
5527500
5527800
5527950
5528000
5528100
5528500
5529000
5529500
5530000
5530990
5531300
5531500
5532000
5532500
5533000
5533400
5533600
5534500
5535000
5535070
5535500
5536000
5536162
5536179
5536190
5536195
5536215
5536235
5536255
5536265
5536275
5536290
5536340
5536500
5536890
5537500
5537980
5539000
5539900
5540060
5540095
5540130
5540160
5540195
5540250
5540275
5540290
5540500
5541710
5542000
5543500
5543830
5544200
5545750
5548105
5548280
5549000
5550001
5550300
5550500
5551000
5551200
5551330
5551540
5551675
5551700
5552500
5554300
5554500
5555300
5556500
5558300
5560500
5561500
5564400
5567500
5568000
5568500
5568800
5569500
5570000
5570910
5572000
5573540
5576000
5576250
5576500
5577500
5578000
5578500
5579500
5579630
5579725
5580000
5580950
5582000
5583000
5584500
5585000
5586100
5587000
5587450
5587900
5588000
5590050
5590520
5590800
5590950
5591200
5591550
5591700
5592000
5592050
5592100
5592500
5592575
5592800
5592900
5593000
5593575
5593900
5593945
5594000
5594100
5594450
5594800
5595000
5595200
5595730
5595820
5597000
5597500
6012500
6016000
6017000
6018500
6019500
6020600
6023000
6024450
6024540
6025250
6025500
6026210
6026420
6026500
6033000
6035000
6036650
6036805
6036905
6036940
6037100
6037500
6038500
6038800
6040000
6040800
6041000
6043500
6050000
6052500
6054500
6061500
6062500
6063000
6065500
6066500
6071300
6073500
6074000
6076690
6077200
6077500
6078200
6078500
6079000
6080900
6082200
6085800
6088500
6089000
6090300
6090500
6090800
6091700
6093200
6097000
6099000
6099500
6101200
6101500
6102050
6102500
6108000
6108800
6109500
6114700
6115200
6119600
6120500
6123030
6125600
6126500
6127500
6130000
6130500
6131200
6133500
6135000
6137570
6139500
6139800
6139850
6139900
6140500
6142400
6151500
6154100
6154400
6154410
6154430
6155030
6155500
6164510
6166000
6167500
6169500
6172310
6174500
6177000
6177500
6178000
6181000
6183450
6185110
6185500
6186500
6187915
6188000
6190540
6191000
6191500
6192500
6195600
6200000
6204050
6204070
6205000
6207500
6208500
6209500
6211000
6211500
6214500
6218500
6220800
6221400
6224000
6227600
6228000
6228350
6235500
6236100
6253000
6258000
6274300
6279500
6279940
6281000
6285100
6287000
6287800
6288400
6289000
6294000
6294500
6295000
6295113
6305700
6306300
6307500
6307616
6307830
6308500
6309000
6309200
6317000
6318500
6324500
6326500
6327500
6329500
6331000
6331680
6332000
6332515
6332523
6332770
6334500
6335500
6335750
6336000
6337000
6339100
6339500
6340000
6340500
6342260
6342500
6344600
6345500
6345780
6348300
6349000
6349500
6350000
6351200
6352000
6353000
6354000
6354580
6354815
6355500
6356500
6357800
6359500
6360500
6386500
6395000
6400000
6400875
6402000
6402430
6402500
6402600
6403300
6403700
6404000
6404998
6406000
6406500
6407500
6408650
6408700
6409000
6410500
6411500
6412500
6412810
6414000
6421500
6422500
6423500
6425100
6425500
6426500
6428500
6429997
6430500
6430770
6430800
6431500
6433000
6434505
6436000
6436170
6436180
6436190
6436198
6437000
6437020
6438000
6438500
6439000
6440200
6441500
6442900
6445685
6446000
6446500
6447000
6447230
6447450
6447500
6449000
6449100
6449500
6450500
6452000
6452320
6453600
6461500
6463500
6463720
6464100
6464500
6465500
6466400
6466500
6468170
6468250
6469400
6469500
6470000
6470500
6470800
6470878
6471000
6471200
6471500
6471800
6472000
6473000
6475000
6476000
6477000
6477500
6478000
6478500
6478513
6478600
6478690
6479010
6479215
6479438
6479500
6479525
6479770
6480000
6480650
6481000
6481500
6482020
6482610
6483290
6483500
6485500
6486000
6600100
6600500
6600900
6601000
6601200
6602400
6605000
6605850
6606600
6607200
6607500
6608500
6609500
6610000
6610720
6610732
6610750
6610765
6610770
6610793
6614800
6620000
6622700
6623800
6625000
6630000
6630465
6632400
6634620
6635000
6638090
6646000
6652000
6657000
6660000
6670500
6674500
6701900
6708800
6709000
6709530
6710247
6710385
6711040
6711565
6712000
6713000
6713500
6714215
6714360
6714400
6714800
6715000
6716100
6716500
6718550
6719505
6720460
6720820
6720990
6721000
6730200
6730500
6741510
6746110
6751150
6751490
6752260
6752280
6759500
6768000
6768020
6768025
6768035
6769000
6769525
6770200
6770500
6772100
6772775
6772898
6773500
6774000
6775500
6775900
6781600
6784000
6785000
6785500
6786000
6790500
6792500
6793000
6794000
6794650
6795500
6796000
6796500
6797500
6799000
6799100
6799350
6799445
6799500
6800000
6800500
6801000
6803000
6803080
6803093
6803170
6803300
6803486
6803495
6803500
6803510
6803513
6803520
6803530
6803555
6804000
6804700
6805500
6806500
6807000
6807410
6808500
6809210
6809500
6810000
6811500
6813000
6813500
6814000
6814500
6815000
6817000
6817500
6817700
6818000
6819185
6819500
6820410
6820500
6821080
6821150
6821190
6821500
6823000
6823500
6824000
6824500
6827000
6827500
6834000
6835500
6836500
6837000
6838000
6843500
6844500
6845110
6846500
6847000
6847500
6847900
6848500
6852500
6853020
6853500
6853800
6854500
6856000
6856600
6857100
6860000
6861000
6862700
6862850
6863000
6863420
6863500
6864000
6864500
6865500
6866000
6866500
6866900
6867000
6867500
6868200
6868850
6869500
6869950
6870300
6871000
6871500
6872500
6873000
6873460
6874000
6875900
6876000
6876440
6876700
6876900
6877600
6878000
6878600
6879100
6879650
6879810
6881000
6881380
6882000
6882510
6883000
6884000
6884025
6884200
6884400
6885500
6887000
6887500
6888000
6888350
6888500
6889000
6889160
6889200
6889500
6889630
6890100
6890900
6891000
6891080
6891260
6891500
6892000
6892350
6892360
6892495
6892513
6893000
6893080
6893100
6893150
6893300
6893350
6893390
6893500
6893557
6893578
6893620
6893820
6893830
6893890
6893970
6894000
6894200
6895000
6895500
6896000
6896400
6897000
6897500
6898000
6899500
6899700
6899900
6900050
6901500
6902000
6903400
6903700
6903900
6904010
6904500
6905500
6906000
6906150
6906200
6906500
6906800
6908000
6909000
6909500
6909950
6910230
6910750
6910800
6911000
6911490
6911900
6912500
6913000
6913500
6914000
6914500
6914950
6914990
6915000
6915800
6916600
6917000
6917060
6917240
6917500
6917560
6917630
6918060
6918250
6918440
6918460
6918493
6918740
6919020
6919500
6919900
6920520
6921070
6921200
6921350
6921500
6921590
6921600
6921720
6923250
6923940
6923950
6925250
6926000
6926510
6927000
6927240
6928000
6928300
6928420
6930000
6930060
6932000
6933500
6934000
6934500
6935755
6935770
6935830
6935850
6935890
6935955
6935965
6935980
6935997
6936475
6936530
7001910
7005000
7010000
7010022
7010030
7010035
7010055
7010061
7010070
7010075
7010082
7010086
7010090
7010094
7010097
7010180
7010208
7010350
7013000
7014000
7014500
7015720
7016500
7017200
7017610
7018100
7018500
7019000
7019072
7019090
7019120
7019150
7019175
7019185
7019195
7019220
7019317
7020500
7020550
7021000
7022000
7024000
7024500
7025400
7026040
7026500
7027720
7028960
7029270
7029500
7030050
7030240
7030392
7030500
7031650
7031692
7032000
7032200
7035000
7035800
7036100
7037300
7037500
7039500
7043500
7047942
7047950
7048550
7048600
7049000
7050152
7050500
7050690
7050700
7052000
7052100
7052120
7052152
7052250
7052345
7052500
7052820
7053250
7053810
7054080
7055607
7055646
7055660
7055680
7055875
7056000
7056515
7056700
7057370
7057500
7058000
7060500
7060710
7061270
7061290
7061500
7061600
7061900
7062500
7063000
7064000
7064440
7064533
7065200
7065495
7066000
7067000
7068000
7068510
7069000
7069190
7069295
7069305
7069500
7071500
7072000
7072500
7074420
7074500
7074850
7075000
7075270
7075300
7076517
7076750
7077000
7077380
7077500
7077555
7079300
7081200
7083000
7096250
7099050
7099060
7099970
7099973
7103700
7103703
7103780
7103797
7103800
7103960
7103970
7103980
7103990
7104000
7104905
7105000
7105490
7105500
7105530
7105600
7105800
7105820
7105900
7105940
7105945
7106000
7106300
7106500
7108900
7109500
7116500
7119500
7121500
7124000
7124200
7124410
7126200
7126300
7126485
7128500
7130500
7133000
7134180
7134990
7135500
7137000
7137500
7138000
7138020
7138064
7138070
7139000
7140850
7140880
7140890
7140900
7141000
7141200
7141220
7141300
7141780
7141900
7142019
7142300
7142575
7142680
7143300
7143330
7143375
7143665
7143672
7144100
7144200
7144300
7144325
7144480
7144486
7144490
7144550
7144780
7144910
7145200
7145500
7145700
7146500
7146800
7147070
7147800
7148400
7149000
7151000
7151500
7152000
7152500
7153000
7155590
7156900
7157500
7157940
7157950
7158000
7159100
7159750
7160000
7160350
7160500
7161450
7164600
7165562
7165565
7165570
7165750
7166500
7167500
7169500
7169800
7170500
7170700
7170990
7171000
7172000
7174400
7175500
7176000
7176500
7177500
7177650
7177800
7178000
7178200
7179300
7179500
7179700
7179730
7179750
7179795
7180400
7180500
7182000
7182200
7182250
7182390
7182510
7183000
7183500
7184000
7184500
7185000
7185090
7185095
7185700
7185765
7185910
7186000
7187000
7187600
7188000
7188653
7188838
7188885
7189000
7189100
7189540
7189542
7190500
7191000
7191160
7191179
7191220
7191222
7191288
7191500
7194500
7194800
7194906
7194933
7195000
7195400
7195430
7195500
7195800
7195855
7195865
7196000
7196500
7196900
7197000
7197360
7198000
7202500
7203000
7206000
7207000
7207500
7208500
7211500
7214470
7214680
7215500
7216500
7218000
7221500
7222500
7226500
7227000
7227100
7227500
7227890
7228000
7229050
7229200
7229300
7230000
7230500
7231000
7231500
7233500
7234000
7235000
7235600
7237500
7238000
7239300
7239450
7239500
7239700
7240000
7241000
7241520
7241550
7241800
7242000
7242380
7243500
7245000
7247000
7247015
7247250
7247500
7249400
7249413
7249455
7249800
7249920
7249985
7250085
7250550
7250551
7250935
7250974
7251500
7252000
7257006
7257500
7258500
7260500
7260673
7261000
7261090
7261500
7263012
7263295
7263296
7263300
7263450
7263555
7263580
7264000
7264500
7265000
7268000
7274000
7275900
7276000
7281600
7283000
7285400
7285500
7288000
7288280
7288500
7288650
7288800
7288955
7289000
7289350
7289730
7290000
7291000
7292500
7295000
7295500
7297910
7298500
7299540
7299670
7299890
7300000
7300500
7301110
7301300
7301410
7301420
7301500
7303000
7303400
7305000
7307028
7308200
7308500
7311000
7311500
7311700
7311800
7312100
7312110
7312200
7312500
7312610
7312700
7314500
7314900
7315200
7315500
7315700
7316500
7324200
7324400
7325000
7325800
7325840
7325850
7325860
7326000
7326500
7327442
7327447
7327550
7328100
7328180
7328500
7329780
7329852
7331000
7331200
7331295
7331300
7332390
7332500
7332622
7334000
7335300
7335500
7335700
7335790
7336200
7336820
7337000
7337900
7338500
7338750
7339000
7340000
7340300
7341000
7341200
7341500
7342470
7342480
7342500
7343000
7343200
7343356
7343450
7343500
7343840
7344370
7344450
7344493
7344500
7346000
7346045
7346070
7346080
7348000
7348700
7349860
7351500
7351750
7352000
7356000
7358253
7358284
7358550
7359002
7359610
7360200
7361500
7362000
7362100
7362579
7362587
7363000
7363200
7363400
7363500
7364078
7364133
7364150
7364185
7364200
7364300
7365500
7366200
7367005
7367690
7368000
7369000
7369500
7369680
7369700
7370000
7372050
7372200
7373000
7374000
7374525
7375000
7375280
7375500
7375800
7375960
7376000
7376500
7377000
7378000
7378500
7381000
7381490
7382000
7382500
7383500
7385700
8010000
8011000
8012000
8012300
8012470
8013000
8013500
8014500
8014800
8015500
8017200
8017300
8017410
8018500
8019000
8019200
8019500
8020000
8020450
8020700
8020900
8022040
8022500
8023080
8023200
8023400
8025360
8025500
8026000
8028000
8028500
8029500
8030500
8031000
8032000
8033000
8033500
8033900
8034500
8036500
8037050
8040600
8041000
8041500
8041700
8041749
8041780
8042800
8044000
8044500
8044800
8045550
8045850
8045995
8047000
8047050
8047500
8048000
8048543
8048800
8048970
8049500
8049580
8049700
8050100
8050400
8050800
8050840
8051135
8051500
8052700
8052745
8052780
8053000
8053009
8053090
8053500
8055000
8055500
8055560
8056500
8057000
8057200
8057300
8057410
8059000
8059350
8059400
8061540
8061551
8062000
8062500
8062700
8062800
8062895
8063100
8063590
8063800
8064100
8064700
8065000
8065200
8065350
8065800
8066200
8066250
8066300
8066500
8067000
8067070
8067500
8067525
8068000
8068090
8068275
8068325
8068390
8068400
8068450
8068500
8068740
8068780
8068800
8069000
8069500
8070000
8070200
8070500
8071000
8072300
8072730
8072760
8073500
8073600
8073700
8074020
8074500
8074760
8074810
8075000
8075400
8075605
8075730
8075763
8075770
8075900
8076000
8076180
8076500
8076997
8078000
8079600
8080700
8082500
8082700
8083100
8083240
8083420
8083430
8083480
8084000
8084200
8084800
8085500
8086050
8086212
8086290
8086500
8088000
8088610
8089000
8090800
8090905
8091000
8091500
8093100
8093360
8095000
8095200
8095300
8095400
8096500
8098290
8098300
8099100
8099300
8099500
8100000
8100500
8101000
8102500
8103800
8103900
8104100
8104500
8104700
8104900
8105095
8105700
8105886
8106350
8106500
8107950
8108700
8109700
8109800
8110000
8110100
8110200
8110325
8110430
8110500
8110800
8111500
8111700
8114000
8115000
8116400
8116650
8117500
8117995
8120500
8121000
8123800
8123850
8124000
8126380
8127000
8128000
8128400
8130700
8131400
8131600
8133250
8134000
8134250
8136000
8136500
8136700
8142000
8143600
8144500
8145000
8146000
8147000
8148500
8150000
8150700
8150800
8151500
8152000
8152900
8153500
8154700
8155200
8155240
8155300
8155400
8155541
8156675
8156800
8156910
8158000
8158030
8158035
8158200
8158380
8158600
8158700
8158810
8158827
8158840
8158860
8158922
8158927
8158930
8158970
8159000
8159200
8159500
8160400
8160800
8161000
8162000
8162600
8163500
8164000
8164300
8164390
8164450
8164503
8164504
8164600
8164800
8165300
8165500
8166000
8166140
8166200
8166250
8167000
8167500
8167800
8168500
8168797
8168932
8169000
8169792
8170500
8171000
8171290
8171300
8172000
8172400
8173000
8173900
8174600
8175000
8175800
8176500
8176900
8177300
8177500
8177700
8178000
8178050
8178500
8178565
8178800
8178880
8180640
8180700
8180800
8181400
8181480
8181500
8181800
8183200
8183500
8183900
8185000
8185065
8185100
8185500
8186000
8186500
8187500
8188060
8188500
8188570
8188800
8189200
8189300
8189500
8189700
8190000
8190500
8192000
8193000
8194000
8194200
8194500
8195000
8196000
8197500
8198000
8198500
8200000
8200720
8200977
8201500
8202700
8204005
8205500
8206600
8206700
8206910
8207500
8208000
8210000
8210400
8211000
8211200
8211500
8211520
8211800
8211900
8212400
8220000
8245000
8246500
8247500
8248000
8249000
8251500
8252500
8253500
8254000
8255500
8261000
8263500
8265000
8266820
8267500
8269000
8271000
8275500
8276300
8276500
8277470
8279000
8279500
8284100
8285500
8286500
8287000
8289000
8290000
8291000
8294210
8302500
8313000
8313500
8314000
8315480
8316000
8317200
8317400
8317950
8319000
8324000
8328950
8329700
8329720
8329835
8329840
8329900
8329918
8329928
8330000
8330200
8330600
8330775
8330875
8331160
8331510
8332010
8343500
8353000
8354900
8355050
8355490
8358300
8358400
8359500
8361000
8374550
8375300
8377900
8378500
8379500
8380500
8382000
8382500
8382600
8382650
8382830
8383500
8384500
8385000
8385503
8385522
8385630
8386000
8386505
8387000
8387550
8387600
8389055
8390500
8390800
8393610
8394500
8395500
8396500
8397600
8397620
8398500
8399500
8400000
8401200
8401500
8401900
8402000
8403500
8404000
8405105
8405150
8405200
8405450
8405500
8406000
8406500
8407000
8407500
8408500
8412500
8433000
8437710
8446500
8447000
8447020
8447300
8449100
8477110
8480595
8481500
9010500
9014050
9015000
9019000
9021000
9022000
9024000
9025000
9025300
9026500
9027100
9032000
9032100
9033300
9034250
9034900
9035500
9035700
9035900
9036000
9037500
9038500
9040500
9041090
9041400
9041900
9046490
9046600
9047500
9047700
9050100
9050700
9051050
9057500
9058000
9059500
9061600
9063000
9063900
9064000
9064600
9065100
9065500
9066000
9066200
9066300
9066325
9066510
9067000
9067020
9067200
9070000
9070500
9073005
9073300
9073400
9076000
9080400
9081000
9081600
9085000
9085100
9085500
9087500
9093500
9095500
9105000
9106150
9107000
9107500
9109000
9110000
9112200
9112500
9113500
9113980
9114500
9115500
9118450
9119000
9123450
9124500
9126000
9128000
9132500
9132960
9134100
9136100
9143000
9143500
9144250
9146020
9146200
9147000
9147025
9147500
9149500
9151500
9152500
9153270
9163500
9165000
9166500
9166950
9169500
9171100
9171240
9171310
9172500
9174600
9177000
9180000
9180500
9183500
9183600
9188500
9192750
9201500
9205000
9209400
9210500
9211200
9215000
9217000
9217900
9220000
9222400
9223000
9224700
9229500
9234500
9237450
9237500
9238900
9239500
9242500
9244490
9246200
9246500
9247600
9251000
9253000
9255000
9257000
9258050
9258980
9259700
9260000
9260050
9261000
9261700
9266500
9271550
9272400
9277500
9279000
9285900
9288000
9288180
9289500
9291000
9292000
9292500
9294500
9295000
9295100
9296800
9299500
9301500
9302000
9304200
9304500
9304800
9306200
9306222
9306242
9306255
9306290
9306500
9309600
9310500
9310700
9311500
9312600
9314500
9315000
9326500
9328000
9328500
9329050
9330000
9330500
9332100
9333500
9337000
9337500
9342500
9346400
9349800
9352900
9353800
9354500
9355500
9357000
9358000
9358550
9359010
9359020
9359080
9359082
9359500
9361000
9361500
9362520
9363500
9364010
9364500
9365000
9367000
9367500
9367540
9368000
9371000
9371010
9371492
9371520
9372000
9372200
9378170
9378630
9379200
9379500
9380000
9381800
9382000
9383400
9384000
9385700
9386030
9386300
9386900
9386950
9390500
9394500
9397500
9398000
9399400
9400350
9401260
9401265
9402000
9402300
9402500
9403600
9403850
9404115
9404200
9404208
9404222
9404343
9404450
9404900
9405500
9406000
9406100
9408000
9408135
9408150
9408400
9409100
9410100
9413000
9413200
9413500
9413700
9413900
9415000
9415060
9415510
9415558
9415645
9415900
9415908
9415910
9415920
9415927
9416000
9417500
9418500
9418700
9419000
9419625
9419665
9419679
9419696
9419700
9419740
9419745
9419753
9419756
9419800
9421500
9423000
9423350
9423560
9424447
9424450
9424900
9426000
9426620
9428500
9428505
9428510
9429000
9429030
9429070
9429100
9429130
9429155
9429160
9429170
9429180
9429190
9429200
9429210
9429220
9429230
9429490
9429500
9429600
9430500
9430600
9431500
9432000
9439000
9442000
9444000
9444200
9444500
9446500
9447000
9447800
9448500
9457000
9466500
9468500
9469500
9470500
9470700
9470750
9470800
9471000
9471310
9471380
9471400
9471550
9472050
9473000
9474000
9475500
9479350
9480000
9480500
9481000
9481740
9482000
9482500
9484000
9484500
9484550
9484580
9484600
9485000
9485450
9485700
9486055
9486350
9486500
9486520
9486800
9487000
9489000
9489500
9490500
9492400
9494000
9496500
9497500
9497700
9497800
9497980
9498400
9498500
9498501
9498502
9498503
9499000
9502000
9502800
9502900
9502960
9503000
9503300
9503700
9504000
9504420
9504500
9505200
9505350
9505800
9506000
9507480
9507580
9507980
9508300
9508500
9510000
9510200
9511300
9512165
9512280
9512450
9512500
9512800
9513780
9513860
9514100
9516500
9517000
9517490
9519000
9519501
9519800
9520280
9520500
9521100
9522000
9522500
9522600
9522650
9522660
9522680
9522700
9522800
9522850
9522860
9522880
9522900
9523000
9523200
9523600
9523800
9524000
9525000
9525500
9526000
9526200
9527000
9527500
9527590
9527594
9527597
9527700
9528200
9528800
9529000
9529150
9529250
9529300
9529420
9530000
9530200
9530500
9531800
9537200
9537500
